Accel: 0.6864655017852783, -7.041174411773682, -6.805814743041992
Gyro: -0.0296705961227417, 0.010471975430846214, -0.02094395086169243
