Accel: 0.47071918845176697, -8.678885459899902, -3.559813976287842
Gyro: 0.30194196105003357, -0.07853981852531433, 0.1500983089208603
